PlasmoDB_GeneID	ExonID	NCountsBloodR1	NCountsBloodR2	NCountsOocystR1	NCountsOocystR2	NCountsSporozoiteR1	NCountsSporozoiteR2
PF3D7_0100100	E001	0	0	0	0	0	0
PF3D7_0100100	E002	3.144530945	6.02620318	2.085748366	0.665131482	15.30455139	17.73243951
PF3D7_0100300	E001	0	0	0	0	0	0
PF3D7_0100300	E002	0	0	0	0.332565741	15.30455139	1.970271057
PF3D7_0115700	E001	0	0	0	0	0	0
PF3D7_0115700	E002	1.572265473	5.272927782	1.042874183	0	17.49091588	5.910813171
PF3D7_0200100	E001	1.572265473	0	0	0	0	0
PF3D7_0200100	E002	6.289061891	3.01310159	0	0.997697223	10.93182242	11.82162634
PF3D7_0223500	E001	0	0	0	0	0	1.970271057
PF3D7_0223500	E002	11.00585831	3.01310159	0	0.665131482	37.16819624	27.5837948
PF3D7_0300100	E001	0	0	0	0	0	0
PF3D7_0300100	E002	4.716796418	2.259826192	0	0.665131482	28.4227383	19.70271057
PF3D7_0400100	E001	0	0	0	0	0	0
PF3D7_0400100	E002	3.144530945	1.506550795	2.085748366	0	15.30455139	7.881084228
PF3D7_0400400	E001	3.930663682	0	0	0	0	0
PF3D7_0400400	E002	14.93652199	0.753275397	0	0	4.37272897	0
PF3D7_0412400	E001	0	0	0	0	0	1.970271057
PF3D7_0412400	E002	0	2.259826192	0	3.325657411	0	27.5837948
PF3D7_0412700	E001	0	0	0	0	0	0
PF3D7_0412700	E002	10.21972557	14.31223255	2.085748366	6.983880562	52.47274764	163.5324977
PF3D7_0413100	E001	0	0	0	0	0	0
PF3D7_0413100	E002	0	0	0	0	0	0
PF3D7_0420700	E001	0	0	0	0	0	0
PF3D7_0420700	E002	0	0	0	0	2.186364485	0
PF3D7_0420900	E001	0	0	0	0	0	0
PF3D7_0420900	E002	0	0	0	0	0	0
PF3D7_0421100	E001	0	0	0	0	0	0
PF3D7_0421100	E002	0	0	0	0	0	0
PF3D7_0421300	E001	2.358398209	0	0	0	0	0
PF3D7_0421300	E002	3.930663682	2.259826192	1.042874183	0	10.93182242	15.76216846
PF3D7_0426000	E001	0	0	0	0	0	0
PF3D7_0426000	E002	3.930663682	6.779478577	0	0.997697223	34.98183176	29.55406586
PF3D7_0500100	E001	0	0	0	0	0	0
PF3D7_0500100	E002	2.358398209	5.272927782	0	0.665131482	13.11818691	19.70271057
PF3D7_0533100	E001	3.930663682	0	0	0	0	0
PF3D7_0533100	E002						
PF3D7_0600200	E001	9.433592836	0	0	0	0	0
PF3D7_0600200	E002	1.572265473	1.506550795	0	0	4.37272897	11.82162634
PF3D7_0600400	E001	0	0	0	0	0	0
PF3D7_0600400	E002	0	0	0	0	0	0
PF3D7_0617400	E001	0	0	0	0	0	0
PF3D7_0617400	E002	0	4.519652385	1.042874183	3.325657411	0	3.940542114
PF3D7_0632500	E001	0	0	0	0	0	0
PF3D7_0632500	E002	7.075194627	5.272927782	2.085748366	0.665131482	34.98183176	27.5837948
PF3D7_0632800	E001	0	0	0	0.332565741	0	0
PF3D7_0632800	E002	3.144530945	4.519652385	0	0.332565741	8.74545794	25.61352374
PF3D7_0711700	E001	0	0	0	0	0	0
PF3D7_0711700	E002	3.930663682	6.02620318	1.042874183	1.995394446	26.23637382	21.67298163
PF3D7_0712000	E001	0	0	0	0.332565741	0	0
PF3D7_0712000	E002	3.930663682	8.286029372	0	2.327960187	19.67728036	33.49460797
PF3D7_0712300	E001	0	0	0	0	0	0
PF3D7_0712300	E002	0.786132736	0	1.042874183	0	2.186364485	5.910813171
PF3D7_0712400	E001	0	0	0	0	0	0
PF3D7_0712400	E002	8.6474601	3.01310159	0	0	59.03184109	13.7918974
PF3D7_0712600	E001	0	0	0	0	0	0
PF3D7_0712600	E002	0	6.02620318	0	0.332565741	0	1.970271057
PF3D7_0712800	E001	0	0.753275397	0	0	2.186364485	0
PF3D7_0712800	E002	3.930663682	19.58516033	0	2.660525929	39.35456073	23.64325268
PF3D7_0712900	E001	0	0	0	0	0	0
PF3D7_0712900	E002	5.502929155	9.03930477	1.042874183	3.325657411	8.74545794	39.40542114
PF3D7_0733000	E001	0	0	0	0	0	0
PF3D7_0733000	E002	6.289061891	6.02620318	0	0.332565741	19.67728036	23.64325268
PF3D7_0800100	E001	0.786132736	0	0	0	0	1.970271057
PF3D7_0800100	E002	0.786132736	1.506550795	0	0	0	11.82162634
PF3D7_0800200	E001	21.22558388	0	0	0	0	0
PF3D7_0800200	E002	0	6.02620318	0	1.330262964	4.37272897	15.76216846
PF3D7_0800300	E001	0	0	0	0	0	0
PF3D7_0800300	E002	5.502929155	6.02620318	0	0.997697223	17.49091588	25.61352374
PF3D7_0808700	E001	2.358398209	0	0	0	0	0
PF3D7_0808700	E002	4.716796418	3.766376987	5.214370914	0	87.4545794	13.7918974
PF3D7_0809100	E001	0.786132736	0	0	0	0	1.970271057
PF3D7_0809100	E002	3.144530945	6.779478577	0	1.662828705	17.49091588	21.67298163
PF3D7_0833500	E001	0	0	0	0	0	0
PF3D7_0833500	E002	1.572265473	2.259826192	1.042874183	0	17.49091588	7.881084228
PF3D7_0900100	E001	0.786132736	0	0	0	2.186364485	0
PF3D7_0900100	E002	3.930663682	3.766376987	0	0.665131482	8.74545794	7.881084228
PF3D7_0937600	E001	0	0	0	0	0	0
PF3D7_0937600	E002	0	4.519652385	0	0	0	0
PF3D7_0937800	E001	0	0	0	0	0	0
PF3D7_0937800	E002	3.144530945	0	0	0	6.559093455	9.851355285
PF3D7_1000100	E001	0	0	0	0	0	0
PF3D7_1000100	E002	2.358398209	3.766376987	0	0.665131482	24.05000933	27.5837948
PF3D7_1041300	E001	0	0	0	0	0	0
PF3D7_1041300	E002	4.716796418	3.766376987	0	0	2.186364485	5.910813171
PF3D7_1100100	E001	0	0	0	0	0	0
PF3D7_1100100	E002	11.00585831	1.506550795	0	0	2.186364485	7.881084228
PF3D7_1100200	E001	0	0	0	0	0	0
PF3D7_1100200	E002	1.572265473	1.506550795	0	0.332565741	0	5.910813171
PF3D7_1150400	E001	7.075194627	0	0	0	0	0
PF3D7_1150400	E002	2.358398209	1.506550795	0	0	2.186364485	3.940542114
PF3D7_1200100	E001	1.572265473	0	0	0	0	0
PF3D7_1200100	E002	1.572265473	0.753275397	0	0.332565741	2.186364485	3.940542114
PF3D7_1200400	E001	3.144530945	0	0	0	0	0
PF3D7_1200400	E002	0.786132736	0	0	0	2.186364485	1.970271057
PF3D7_1200600	E001	0.786132736	0	0	0.332565741	0	0
PF3D7_1200600	E002	0	2.259826192	0	0.332565741	0	0
PF3D7_1219300	E001	0	0	0	0	0	0
PF3D7_1219300	E002	12.57812378	31.63756669	10.42874183	1.330262964	150.8591495	27.5837948
PF3D7_1240300	E001	0.786132736	0	0	0	0	0
PF3D7_1240300	E002	0.786132736	4.519652385	0	0.665131482	8.74545794	15.76216846
PF3D7_1240400	E001	0	0	0	0	0	0
PF3D7_1240400	E002	3.930663682	6.779478577	1.042874183	0.332565741	17.49091588	25.61352374
PF3D7_1240600	E001	0	0	0	0	0	0
PF3D7_1240600	E002	1.572265473	23.35153732	0	1.330262964	2.186364485	43.34596326
PF3D7_1255200	E001	0.786132736	0	46.92933823	19.28881298	174.9091588	171.413582
PF3D7_1255200	E002	0.786132736	2.259826192	0	0.332565741	4.37272897	5.910813171
PF3D7_1300100	E001	0	0	0	0	0	0
PF3D7_1300100	E002	1.572265473	0.753275397	0	0	2.186364485	5.910813171
PF3D7_1300300	E001	0.786132736	0	0	0.332565741	0	0
PF3D7_1300300	E002	1.572265473	0.753275397	0	0	0	1.970271057
PF3D7_1373500	E001	1.572265473	0	0	0	0	0
PF3D7_1373500	E002	0.786132736	1.506550795	0	0	2.186364485	9.851355285
